Timestamp,Sunflower,Potato,Pumpkin,Carrot,Cabbage,Beetroot,Cauliflower,Parsnip,Radish,Wheat,Kale,Apple,Blueberry,Orange,Eggplant,Corn,Banana,Soybean,Grape,Rice,Olive,Tomato,Lemon,Barley,Rhubarb,Zucchini,Yam,Broccoli,Pepper,Onion,Turnip,Artichoke,Duskberry,Lunara,Celestine,Wood,Stone,Iron,Gold,Egg,Honey,Crimstone,Leather,Wool,Merino Wool,Feather,Milk,Goblin Emblem,Bumpkin Emblem,Sunflorian Emblem,Nightshade Emblem
2025-04-20 21:15:03,0.00052,0.0006885,0.00225,0.004454,0.002996,0.0073,0.00899,0.025828,0.019254,0.020493,0.04527,0.0624,0.0524,0.05044,0.01669932,0.04027353,0.04365,0.00432,0.55708,0.66731333,0.87499474,0.014928,0.0164772,0.054497,0.00054,0.0009786,0.001807,0.0034,0.004918,0.018985,0.016,0.02694,1.2185,0.6122,0.266275,0.025994,0.044444,0.1669875,0.74496667,0.051,0.16372857,1.7459,0.075,0.0329,0.052799,0.01019,0.36,0.055,0.055,0.04044963,0.0495
2025-04-20 22:00:04,0.0005195,0.000675,0.00225,0.004454,0.002996,0.0073,0.0089895,0.02582721,0.019997,0.02,0.04524,0.062,0.052556,0.05041,0.016698,0.0402756,0.04363,0.004319,0.55396,0.6673,0.86998,0.01492667,0.016478,0.054294,0.00054,0.00096267,0.001807,0.0034,0.004916,0.018985,0.016,0.026934,1.2185,0.612,0.26626667,0.0256,0.044435,0.16703297,0.74498571,0.05098,0.18193333,1.73315,0.075,0.0329,0.05279429,0.01017917,0.36,0.055,0.055,0.04044963,0.0495
2025-04-20 22:15:03,0.0005195,0.000689,0.00225,0.004454,0.002996,0.0074,0.008992,0.027,0.02,0.01999859,0.04523,0.062,0.052556,0.05040702,0.016698,0.040275,0.04363,0.004319,0.55396,0.6673,0.86998,0.01492767,0.01649133,0.054295,0.00054,0.0009624,0.001807,0.0034,0.00531542,0.018985,0.016,0.026934,1.2185,0.612,0.2663,0.0256,0.04443467,0.16703182,0.7399,0.050976,0.18191,1.7332,0.074999,0.03289,0.05279545,0.01017,0.36,0.055,0.055,0.04044963,0.0495
2025-04-20 22:45:03,0.00051984,0.0006198,0.002225,0.0044499,0.0029548,0.007035,0.008988,0.02799,0.02049,0.02061295,0.045222,0.06214,0.052556,0.05043333,0.016642,0.040275,0.0436,0.0042,0.55392,0.6673,0.874,0.01491667,0.01666,0.054293,0.000548,0.0009622,0.001805,0.0034215,0.004999,0.018984,0.016,0.026945,1.2183,0.612,0.26628889,0.0255432,0.041946,0.16695,0.73163333,0.05064,0.1927,1.71,0.074999,0.03289,0.052795,0.00981429,0.35,0.055,0.055,0.04044963,0.0495
2025-04-21 00:30:03,0.00052,0.0006195,0.00222478,0.00445,0.0029545,0.007248,0.008986,0.027988,0.02049231,0.020612,0.04522,0.06214,0.05255563,0.050435,0.0165,0.0402755,0.0436,0.0042,0.55,0.667305,0.87403333,0.014915,0.01665,0.054,0.000548,0.0009622,0.001805,0.003422,0.0049,0.018984,0.016,0.026945,1.2183,0.612,0.26628889,0.02554229,0.0419465,0.16703297,0.73165,0.05053333,0.19269,1.71,0.074999,0.03289,0.052792,0.00981176,0.34966,0.055,0.055,0.04044963,0.0495
2025-04-21 03:00:04,0.0005315,0.00069995,0.0022295,0.004452,0.00299896,0.007464,0.00901078,0.027988,0.02012857,0.02091942,0.045216,0.064,0.055,0.05,0.0162,0.0402768,0.04444333,0.00457143,0.57,0.68656,0.87498636,0.01562,0.01663333,0.0518,0.0005466,0.00094889,0.0018123,0.0034638,0.00499,0.018985,0.016,0.02796,1.21665,0.58333333,0.2664,0.02598199,0.04486,0.16899,0.72746,0.05798947,0.1926,1.6957,0.075,0.034874,0.052793,0.00982553,0.34961957,0.055,0.055,0.04044963,0.0495
2025-04-21 04:30:03,0.0005331,0.0006998,0.00222094,0.004449,0.002999,0.0069,0.00932973,0.0279866,0.02,0.02,0.04526667,0.07267667,0.0575,0.05132,0.016265,0.040252,0.0434,0.004686,0.57498571,0.68655758,0.87328,0.01536667,0.016327,0.051,0.00054493,0.0009,0.001813,0.0034638,0.00498589,0.01877,0.016,0.027896,1.083275,0.611975,0.269525,0.02579795,0.043,0.16666667,0.72714286,0.06209839,0.19,1.6947,0.08,0.03478,0.05278,0.00991739,0.3496,0.055,0.055,0.04045,0.0495
2025-04-21 16:00:04,0.000545,0.0006999,0.002024,0.003204,0.0034,0.007109,0.00975,0.027637,0.01881875,0.01884615,0.045,0.076656,0.0625,0.048,0.01282667,0.04025263,0.037644,0.00448788,0.58,0.72,0.83,0.01534,0.01561979,0.0499,0.00054772,0.000748,0.0023295,0.00395,0.004695,0.018766,0.016155,0.02785333,1.15,0.58,0.2298,0.0252,0.038,0.17379474,0.72072778,0.05940588,0.183315,1.694,0.07986,0.048795,0.044,0.0079,0.35555556,0.0647,0.055,0.040435,0.0475
2025-04-21 21:05:26,0.0005485,0.00069,0.00188886,0.00292,0.0034988,0.0071115,0.00998813,0.025863,0.01688,0.01937,0.0448,0.074,0.06214944,0.05,0.01218939,0.04025483,0.039612,0.004687,0.5799,0.7,0.83,0.015222,0.015,0.0478,0.0005,0.0007378,0.002329,0.00429697,0.004691,0.0185,0.0161535,0.0275,1.14423333,0.5691,0.229,0.02574909,0.0419,0.17266667,0.7066,0.0585,0.18333333,1.68,0.081842,0.04699583,0.041999,0.008,0.35466,0.06466,0.05294118,0.040435,0.04995
2025-04-21 23:45:03,0.000549,0.0006966,0.001885,0.002863,0.00349615,0.00708,0.009986,0.0258435,0.01685,0.01943333,0.0449,0.074321,0.06214,0.049996,0.01216143,0.040253,0.03962,0.004673,0.60666,0.70998,0.83,0.015142,0.015,0.0482,0.000544,0.0007376,0.0023295,0.00439652,0.0045,0.0185,0.016155,0.0275,1.148525,0.57434,0.2296,0.02445971,0.041664,0.173776,0.706175,0.05939677,0.1782,1.66998,0.08184035,0.04698,0.04199737,0.00795,0.35249375,0.0646,0.05294118,0.040435,0.049995
2025-04-22 00:45:03,0.000549,0.0006966,0.001885,0.002863,0.00349615,0.00708,0.009986,0.0258435,0.01685,0.01943333,0.0449,0.074321,0.06214,0.049996,0.01216143,0.040253,0.03962,0.004673,0.60666,0.70998,0.83,0.015142,0.015,0.0482,0.000544,0.0007376,0.0023295,0.00439652,0.0045,0.0185,0.016155,0.0275,1.148525,0.57434,0.2296,0.02445971,0.041664,0.173776,0.706175,0.05939677,0.1782,1.66998,0.08184035,0.04698,0.04199737,0.00795,0.35249375,0.0646,0.05294118,0.040435,0.049995
2025-04-22 03:00:04,0.0005,0.0006,0.00188087,0.0027,0.0036,0.00711783,0.00994,0.02506583,0.01666,0.01882857,0.04474833,0.07466,0.062395,0.04953,0.012478,0.04,0.041,0.0043998,0.6,0.71,0.82248,0.01433333,0.01292,0.04975,0.00054833,0.000735,0.0023295,0.004191,0.0045,0.01833,0.01603025,0.0279325,1.099,0.55985,0.22938571,0.02448857,0.039278,0.174,0.7088,0.05939412,0.17,1.59285714,0.081858,0.04698,0.0415,0.00829,0.359184,0.0645,0.052,0.040435,0.049994
2025-04-22 16:45:04,0.00055,0.000702,0.0015,0.002583,0.003463,0.007466,0.0088,0.02408067,0.016398,0.018765,0.04393333,0.07628,0.061744,0.040376,0.01399967,0.04166,0.04166,0.00366667,0.65,0.70333333,0.87,0.01318667,0.014738,0.04749677,0.00054635,0.00069072,0.0023248,0.00346667,0.00499,0.01851,0.0161,0.02726,1.23333333,0.59857143,0.2395,0.025,0.0409,0.169538,0.6999,0.05888958,0.15815,1.63,0.079998,0.04645,0.036,0.00803333,0.3567,0.05904941,0.051944,0.0395,0.049994
2025-04-22 19:30:00,0.00052395,0.0006849,0.001445,0.0023,0.00345733,0.00745,0.009745,0.0230495,0.01699667,0.019293,0.0435,0.07636,0.06246667,0.0403,0.01383245,0.04165833,0.0416,0.0039744,0.649,0.7032,0.85,0.01233333,0.01470333,0.047468,0.000545,0.00069032,0.00229867,0.00345071,0.004984,0.017777,0.015909,0.0269945,1.2398,0.5984,0.2394,0.02469,0.0402775,0.16855,0.69674545,0.0584606,0.15454,1.619,0.079,0.045,0.035,0.00800714,0.35,0.059,0.051944,0.0395,0.049994
2025-04-22 20:30:03,0.0005,0.000682,0.001439,0.00226,0.00345767,0.00746533,0.00974,0.023044,0.016995,0.01733,0.04319524,0.0762,0.0629,0.04030755,0.0124,0.041658,0.041316,0.00396549,0.64888667,0.703332,0.8377,0.012168,0.01436,0.047284,0.0005454,0.0007,0.002306,0.003375,0.004984,0.017777,0.015909,0.02694,1.2198,0.5985,0.2395,0.023893,0.040225,0.167999,0.696775,0.059248,0.1629,1.6148,0.0789,0.04488,0.036,0.00781818,0.356686,0.059,0.051944,0.040435,0.049994
2025-04-22 23:45:03,0.00054887,0.000681,0.00142833,0.0020998,0.003457,0.00731194,0.009744,0.023044,0.016975,0.01799,0.043485,0.08,0.06292,0.04026333,0.01192,0.0416665,0.04105,0.003585,0.64866667,0.703332,0.83775,0.010328,0.0144,0.046666,0.000545,0.000699,0.002298,0.002962,0.004916,0.018505,0.015906,0.02633793,1.2398,0.5985,0.2395,0.02384,0.0401,0.167965,0.69672,0.058956,0.16664286,1.6135,0.08,0.04189091,0.036,0.00765667,0.35635333,0.0589011,0.0519,0.03875,0.049994
2025-04-23 00:15:03,0.00054947,0.000681,0.0014282,0.002099,0.003457,0.0073119,0.00974564,0.02304206,0.016973,0.01798992,0.04348148,0.08,0.06292,0.0403,0.0138,0.04166667,0.04130081,0.00369333,0.64594595,0.7,0.84,0.010324,0.0144,0.0466,0.000545,0.0006988,0.002299,0.002962,0.004916,0.018504,0.0159064,0.026336,1.2499,0.597,0.23942857,0.023587,0.04019667,0.166666,0.68887,0.0589475,0.16662,1.6146,0.079999,0.042,0.036,0.00765455,0.356352,0.0589011,0.0519,0.03875,0.049994
2025-04-23 02:30:03,0.00055,0.00068,0.001424,0.0024,0.003464,0.00754,0.00973375,0.02407,0.01694,0.01796832,0.04344937,0.07981143,0.062,0.04031429,0.013766,0.041573,0.042328,0.00349893,0.64578333,0.69993,0.85,0.01006,0.01423,0.0434,0.000545,0.00069775,0.00249937,0.003046,0.004911,0.01850263,0.0159044,0.02486667,1.22,0.597,0.2395,0.02347984,0.04003,0.166383,0.6963,0.059249,0.15942857,1.6145,0.08185,0.044932,0.038,0.008,0.3563,0.0589011,0.051944,0.043445,0.049994
